4 0.9679224090680236 0.33137121786405827 1.0572743027205433 0.5544089892990794 0.879785651634279 0.6255050395968145 0.7904373874779367 0.4024703264209069
2 0.6757758808217886 0.673618421655932 0.6785582240407848 0.6662640506834729 0.731026175530701 0.6861110839049216 0.7282438826471207 0.6934654122426499
2 0.7682887539108378 0.42332912508612464 0.7859454451601096 0.4305714262641279 0.5508328942775051 1.0036924132628138 0.5331764705882733 0.9964506104328635
2 0.8483463510042384 0.560947699688869 0.8553497471732499 0.5804170865926397 0.21667133580990594 0.8101121174140902 0.20966959441454947 0.790644148905094
1 0.8683649091401549 0.38973078222656315 0.8532976404454757 0.40726165184314406 0.44637295268012167 0.05752466934136341 0.4614401243592283 0.03999401506681558
1 0.7374185769505175 0.5544343495356429 0.7447258621942865 0.5406149315989804 0.9731788004640975 0.6613985023528225 0.9658718986344184 0.6752175907954565
1 0.8206958845964891 0.8966259697557627 0.7942546861438586 0.8954501855602954 0.8217761588784924 0.2766649692015019 0.8482146413723513 0.27784069596583516
1 0.32345758093731547 0.7710152344148284 0.31210273112696996 0.7928570552522594 0.003818201038029656 0.6326101367753885 0.015173140954516384 0.6107691453940186
1 0.4494137978622348 0.2146642195410806 0.46734218274173145 0.16962804741746415 0.7487784962339674 0.28166168566802735 0.7308507124206471 0.32669735099112585
1 0.901298173994519 0.3736219885408064 0.885885939597415 0.37715429317966725 0.8340321594499756 0.1509100013535298 0.8494441146237932 0.14737773028483336
1 0.6039109519451813 0.6781600448767113 0.5663576200834086 0.6552781200295178 0.8646806145284245 0.1657173075828618 0.9022313009031677 0.1885981275401964
1 0.7442539154613996 0.4493592845975725 0.7936083554076276 0.4800062457685563 0.4596690727389614 1.0177103467263282 0.41031631520525025 0.9870654827968673
1 0.6607471872588349 0.93480705486478 0.624609653079915 0.9133196343097603 0.8509232964588591 0.5327775978019903 0.8870580309143179 0.5542639452028534
1 0.38941088127899093 0.7595914926020875 0.3661043534342525 0.756217560964053 0.4260496507329208 0.3421802499235989 0.44935450810544353 0.3455540559204868