4 0.97352232176695 0.34780504727010425 1.0550308731365021 0.5738275671053165 0.8751689751929916 0.6386813785900836 0.79366421556972 0.41266205491871083
2 0.6696103507624684 0.6796473062145932 0.6726476189681989 0.6723944724575359 0.7243899620121965 0.6940593843198853 0.7213527439383824 0.7013121755898309
2 0.7707993709952916 0.43273735591127965 0.7881934841221891 0.440591705030326 0.5332239855275702 1.0051601315100613 0.5158301886791605 0.997306326304092
2 0.8460061763526028 0.5730668329763543 0.8523262363503363 0.5927700721955022 0.20602170845575074 0.8000362933455445 0.19970331818421982 0.7803344960934415
1 0.8719888774594438 0.40265438470255127 0.8563194971829944 0.41964813506299103 0.4618486843615983 0.05592333425049173 0.4775179274289485 0.038929798352037234
1 0.7353750514533886 0.5626856998521828 0.7431598418266958 0.5491306381146968 0.9672575252981233 0.6778152066302846 0.959473115275955 0.6913699383205745
1 0.8066580983078211 0.9075756379030171 0.7802724791963556 0.9054777244600508 0.8293741634097387 0.2880303667860285 0.8557570260968532 0.29012817551369136
1 0.31410687548793703 0.7646899511064968 0.301996081825223 0.7861229205059123 -0.0005070271087106448 0.6152135223876583 0.011603773584852206 0.5937813540510473
1 0.45940274983991003 0.2130725320361166 0.47889264984530655 0.1686883403815895 0.7562470059244788 0.29047654089373 0.7367577057647168 0.3348602248588173
1 0.9054637235029759 0.38770350596683195 0.8899371223648131 0.39069584275300673 0.8460112992149789 0.1627798292754005 0.8615376020183021 0.1597875223064067
1 0.5976294189886175 0.681676971595862 0.5608980239142056 0.6574984870221776 0.8761267747375996 0.1786502048552275 0.9128556342542424 0.20282750762183677
1 0.7458708816186572 0.4579144499400419 0.7941261174131569 0.49026512102408654 0.441626275727117 1.0159866224794138 0.3933729189789119 0.983638179800243
1 0.6454747783220682 0.9401523119074799 0.6101093158646336 0.9174170333576744 0.8495663678146457 0.5450050793215417 0.8849291678363898 0.567739208893198
1 0.38041779852937907 0.7555739501554455 0.35724402499943153 0.7513888608126403 0.43160355486145363 0.3396955791194744 0.45477569073011637 0.3438805135013921