4 0.9923174405669215 0.5707858970442155 0.9664928935285388 0.8096635221726837 0.7764022110200131 0.7891120115973386 0.8022308800768769 0.5502390635442973
2 0.5736923900209376 0.7358172749273667 0.5796013445923336 0.7306308453871736 0.6166089153468874 0.7727866880793449 0.6106999922367322 0.7779730841760243
2 0.7728680872010045 0.5582439239248443 0.7850642075538872 0.572933148173354 0.30841809748346805 0.968602706692787 0.2962230854606105 0.9539145394006712
2 0.778959189965235 0.7173462356303462 0.7760010982109407 0.7378279048857452 0.10424522038726991 0.6408023145145688 0.10720447307710401 0.620322191987961
1 0.8770135263091561 0.5755759993283343 0.8554809529971408 0.5839803206386678 0.6603814604422951 0.08414096625216301 0.6819131877510927 0.07573680952091176
1 0.6840741392550171 0.659523998966503 0.6970137381533732 0.6507534113866952 0.8420202613287984 0.8646505858012304 0.8290808759953734 0.8734209090064289
1 0.5969513084983191 1.0007553510018037 0.5741439492310292 0.9872971991946227 0.8889641927297589 0.4538738416107238 0.9117692730176259 0.4673311487850374
1 0.2168855742057758 0.6564128349294949 0.19660557961844916 0.6703672639528743 -0.0003579654614895844 0.38414492744450934 0.019921198668157558 0.370190899001092
1 0.5892915085678396 0.22431498118609625 0.62626455119198 0.19296743094505664 0.8221615546769954 0.4240124520205617 0.785188940440662 0.45535953232179327
1 0.9136558660316041 0.5768121322305686 0.8983885130834324 0.5726954999846281 0.9588201294147893 0.34859039442524736 0.9740870045980046 0.35270695832564775
1 0.5081061079199571 0.7060887534401576 0.48569128470683154 0.6682542267401639 0.9789338659479654 0.3760602373291362 1.0013483756312098 0.4138926346296821
1 0.7394289650932251 0.5699435538129667 0.7686223210830576 0.6201755485873603 0.2213400195015538 0.9381772778596897 0.1921509433962001 0.8879489456159724
1 0.4378014435123987 0.9593778673912574 0.41598156335533076 0.9234388041001573 0.7944600295005557 0.6936942349612936 0.8162797656740395 0.7296312791424377
1 0.28048431070283186 0.6772868835021914 0.2614871017974565 0.6633643877885053 0.508799389491287 0.32593741685708005 0.5277957200086121 0.3398594406582353