4 0.9868370242874107 0.39813538091886524 1.0442762331417725 0.6314376620336234 0.8586203024452743 0.6771385351492643 0.801185293079925 0.4438398537676228
2 0.6499021675266476 0.6963920793051184 0.6536809066074056 0.6894967803856377 0.7028753906004113 0.7164519995453823 0.6990966997932446 0.7233472568943071
2 0.7763430557507718 0.46141078048205975 0.7928221981662773 0.47104064856887 0.4802389279492445 1.0058655943669674 0.4637602663706275 0.9962364039955344
2 0.8364726636883688 0.6088316358666832 0.8406987890167557 0.6290890404780274 0.176270253735197 0.7676658272088672 0.17204579855933844 0.7474099227593476
1 0.8801270317067065 0.44207014817103407 0.8627667794223726 0.45733315267175756 0.5084760014378844 0.05436730932288746 0.5258359818976714 0.03910451562551028
1 0.7275327235072382 0.5869465454266083 0.7366919594904857 0.5742792135036242 0.9461115103988504 0.7256810659024178 0.9369526356548477 0.7383480706790654
1 0.762373779935615 0.9373977908547344 0.7363491185707289 0.9325529932330078 0.8497281567767914 0.3236208472889816 0.8757500020534508 0.32846538776272705
1 0.2874576418231527 0.7438086120509274 0.27317287483197106 0.763858016857815 -0.009808395429445227 0.5622640093349129 0.004476137624919829 0.5422153163151744
1 0.4896173225073426 0.21040052630562384 0.5136396354087083 0.16829713412490974 0.7767448497869509 0.31840952210944873 0.7527231228980327 0.3605124058577191
1 0.9149813000743734 0.43070112467509925 0.8992276470785328 0.4320541327276895 0.8793653311253138 0.20079504826260958 0.8951186298170342 0.19944205563651637
1 0.5781040085745417 0.6908876748601243 0.5441004897876383 0.6630018990021318 0.9076553466669566 0.21972588837914064 0.9416567210062112 0.24761025183876972
1 0.7489203739675077 0.4838425380324544 0.7935309750395163 0.521060020386989 0.3880109965170959 1.0070583797579125 0.343402885682508 0.9698435072141749
1 0.5986692592389318 0.9529467348467741 0.5658736181112545 0.9266392294187028 0.8429469305294788 0.5812996417339612 0.8757403874259353 0.6076057740690906
1 0.3543581947793655 0.7416736988091627 0.33174657382767236 0.7350886525576975 0.4487342219401853 0.3334251201145237 0.47134433069413717 0.3400099269296259